Certainly! Below is the transcribed data from the image, maintaining the table format as closely as possible:

```
06 160684  8  90  455  9  2  1  8  8  9  2  -1  -1  -1  491
06 160684  8  91  465  9  2  1  8  8  9  2  -1  -1  -1  501
06 160684  8  92  495  1  2  1  8  8  1  2  -1  -1  -1  515
06 160684  8  93  455  1  2  1  8  8  1  2  -1  -1  -1  475
06 160684  8  94  480  1  2  2  8  8  1  2  -1  -1  -1  501
06 160684  8  95  550  1  3  2  8  8  1  3  -1  -1  -1  573
06 160684  8  96  525  2  3  1  8  8  2  3  -1  -1  -1  549
06 160684  8  97  480  1  2  1  8  8  1  2  -1  -1  -1  500
06 160684  8  98  550  1  3  1  8  8  1  3  -1  -1  -1  572
06 160684  8  99  490  1  2  1  8  8  1  2  -1  -1  -1  510
06 160684  8 100  430  2  2  2  8  8  2  2  -1  -1  -1  453

COLUMN TOTALS  12125  43  55  33  200200  43  55  -25  -25  -25  12679

06 170684  9  1  510  425  1  3  1  8  8  1  3  -1  -1  -1  957
06 170684  9  2  535  425  1  2  2  8  8  1  2  -1  -1  -1  981
06 170684  9  3  525  445  1  2  1  8  8  1  2  -1  -1  -1  990
06 170684  9  4  535  440  1  2  1  8  8  1  2  -1  -1  -1  995
06 170684  9  5  500  415  1  2  2  8  8  1  2  -1  -1  -1  936
06 170684  9  6  510  420  1  2  2  8  8  1  2  -1  -1  -1  951
06 170684  9  7  460  380  1  2  2  8  8  1  2  -1  -1  -1  861
06 170684  9  8  480  405  1  2  2  8  8  1  2  -1  -1  -1  906
06 170684  9  9  565  470  1  3  1  8  8  1  3  -1  -1  -1  1043
06 170684  9 10  430  390  1  2  2  8  8  1  2  -1  -1  -1  896

COLUMN TOTALS  12125  43  55  33  200200  43  55  -25  -25  -25  12679

06 210684 11  28  505  415  1  3  2  8  8  1  3  -1  -1  -1  943
06 210684 11  29  485  390  1  2  2  8  8  1  2  -1  -1  -1  896
06 210684 11  30  475  395  1  2  1  8  8  1  2  -1  -1  -1  890
06 210684 11  31  535  435  1  2  2  8  8  1  2  -1  -1  -1  991
06 210684 11  32  565  455  1  3  2  8  8  1  3  -1  -1  -1  1043
06 210684 11  33  530  430  1  2  2  8  8  1  2  -1  -1  -1  981
06 210684 11  34  445  365  1  2  1  8  8  1  2  -1  -1  -1  830
06 210684 11  35  480  400  1  2  1  8  8  1  2  -1  -1  -1  900
06 210684 11  36  575  460  1  3  2  8  8  1  3  -1  -1  -1  1058
06 210684 11  37  520  430  1  2  2  8  8  1  2  -1  -1  -1  971
06 210684 11  38  515  415  1  2  2  8  8  1  2  -1  -1  -1  950
06 210684 11  39  475  390  1  2  2  8  8  1  2  -1  -1  -1  886
06 210684 11  40  520  430  1  2  1  8  8  1  2  -1  -1  -1  970
06 210684 11  41  520  430  1  2  2  8  8  1  2  -1  -1  -1  970
06 210684 11  42  485  405  1  2  2  8  8  1  2  -1  -1  -1  911
06 210684 11  43  520  425  1  2  2  8  8  1  2  -1  -1  -1  966
06 210684 11  44  490  405  1  2  1  8  8  1  2  -1  -1  -1  915
06 210684 11  45  605  495  1  3  2  8  8  1  3  -1  -1  -1  1123
06 210684 11  46  510  420  1  3  1  8  8  1  3  -1  -1  -1  952
06 210684 11  47  515  420  1  2  2  8  8  1  2  -1  -1  -1  956
06 210684 11  48  540  450  1  2  1  8  8  1  2  -1  -1  -1  1010
```