Certainly! Below is the transcribed data from the image, maintaining the table format as closely as possible:

```
06 160684    8   31  465    1   2   1   8   8   1   2   -1  -1  -1    485
06 160684    8   32  455    1   2   1   8   8   1   2   -1  -1  -1    475
06 160684    8   33  455    1   2   2   8   8   1   2   -1  -1  -1    476
06 160684    8   34  485    1   2   1   8   8   1   2   -1  -1  -1    506
06 160684    8   35  465    1   2   1   8   8   1   2   -1  -1  -1    485
06 160684    8   36  455    1   2   2   8   8   1   2   -1  -1  -1    476
06 160684    8   37  455    1   2   2   8   8   1   2   -1  -1  -1    476
06 160684    8   38  500    1   2   1   8   8   1   2   -1  -1  -1    520
06 160684    8   39  465    1   2   1   8   8   1   2   -1  -1  -1    485
06 160684    8   40  520    1   2   2   8   8   1   2   -1  -1  -1    541
06 160684    8   41  500    1   2   2   8   8   1   2   -1  -1  -1    521
06 160684    8   42  460    1   2   2   8   8   1   2   -1  -1  -1    481
06 160684    8   43  480    1   2   2   8   8   1   2   -1  -1  -1    501
06 160684    8   44  510    1   2   2   8   8   1   2   -1  -1  -1    531
06 160684    8   45  490    2   2   2   8   8   2   2   -1  -1  -1    513
06 160684    8   46  445    1   2   2   8   8   1   2   -1  -1  -1    466
06 160684    8   47  505    1   2   2   8   8   1   2   -1  -1  -1    526
06 160684    8   48  470    1   2   2   8   8   1   2   -1  -1  -1    491
06 160684    8   49  470    1   2   1   8   8   1   2   -1  -1  -1    490
06 160684    8   50  480    1   2   2   8   8   1   2   -1  -1  -1    501

COLUMN TOTALS    11885    26  50  43    200200  26  50  -25 -25 -25    12405

06 160684    8   51  475    1   2   2   8   8   1   2   -1  -1  -1    496
06 160684    8   52  450    1   2   1   8   8   1   2   -1  -1  -1    470
06 160684    8   53  480    1   2   1   8   8   1   2   -1  -1  -1    501
06 160684    8   54  460    1   2   1   8   8   1   2   -1  -1  -1    481
06 160684    8   55  490    1   2   1   8   8   1   2   -1  -1  -1    511
06 160684    8   56  505    1   2   2   8   8   1   2   -1  -1  -1    526
06 160684    8   57  450    1   2   1   8   8   1   2   -1  -1  -1    470
06 160684    8   58  470    1   2   1   8   8   1   2   -1  -1  -1    490
06 160684    8   59  575    1   3   1   8   8   1   3   -1  -1  -1    597

COLUMN TOTALS    12575    25  56  36    200200  25  56  -25 -25 -25    13098

06 160684    8   76  435    1   2   2   8   8   1   2   -1  -1  -1    456
06 160684    8   77  450    1   2   1   8   8   1   2   -1  -1  -1    470
06 160684    8   78  480    1   2   1   8   8   1   2   -1  -1  -1    501
06 160684    8   79  480    1   2   2   8   8   1   2   -1  -1  -1    501
06 160684    8   80  460    1   2   1   8   8   1   2   -1  -1  -1    481
06 160684    8   81  445    1   2   1   8   8   1   2   -1  -1  -1    465
06 160684    8   82  445    1   2   1   8   8   1   2   -1  -1  -1    465
06 160684    8   83  480    1   2   2   8   8   1   2   -1  -1  -1    501
06 160684    8   84  520    1   2   1   8   8   1   2   -1  -1  -1    540
06 160684    8   85  550    1   3   1   8   8   1   3   -1  -1  -1    572
06 160684    8   86  590    1   3   2   8   8   1   3   -1  -1  -1    613
06 160684    8   87  465    1   2   1   8   8   1   2   -1  -1  -1    485
06 160684    8   88  495    1   2   1   8   8   1   2   -1  -1  -1    515
06 160684    8   89  475    1   2   1   8   8   1   2   -1  -1  -1    495
```