Certainly! Below is the transcribed data from the image, maintaining the table format as closely as possible:

```
06 040684 2 60 500 1 2 1 8 8 1 2 -1 -1 -1 520
06 040684 2 61 455 1 2 2 8 8 1 2 -1 -1 -1 476
06 040684 2 62 445 1 2 1 8 8 1 2 -1 -1 -1 465
06 040684 2 63 485 1 2 2 8 8 1 2 -1 -1 -1 506
06 040684 2 64 490 1 2 2 8 8 1 2 -1 -1 -1 511
06 040684 2 65 510 1 2 2 8 8 1 2 -1 -1 -1 531
06 040684 2 66 465 1 2 2 8 8 1 2 -1 -1 -1 486
06 040684 2 67 530 1 3 1 8 8 1 3 -1 -1 -1 552
06 040684 2 68 580 1 3 2 8 8 1 3 -1 -1 -1 603
06 040684 2 69 405 1 2 2 8 8 1 2 -1 -1 -1 426
06 040684 2 70 510 1 2 2 8 8 1 2 -1 -1 -1 531
06 040684 2 71 450 1 2 1 8 8 1 2 -1 -1 -1 470
06 040684 2 72 500 1 2 2 8 8 1 2 -1 -1 -1 521
06 040684 2 73 480 2 2 2 8 8 2 2 -1 -1 -1 503
06 040684 2 74 470 1 2 2 8 8 1 2 -1 -1 -1 491
06 040684 2 75 595 1 3 2 8 8 1 3 -1 -1 -1 618
COLUMN TOTALS 11945 27 53 43 200200 27 53 -25 -25 -25 12473

06 040684 2 76 480 2 2 1 8 8 2 2 -1 -1 -1 502
06 040684 2 77 520 1 2 2 8 8 1 2 -1 -1 -1 541
06 040684 2 78 420 1 2 2 8 8 1 2 -1 -1 -1 441
06 040684 2 79 470 1 2 2 8 8 1 2 -1 -1 -1 491
06 040684 2 80 440 2 2 2 8 8 2 2 -1 -1 -1 463
06 040684 2 81 465 1 2 1 8 8 1 2 -1 -1 -1 485
06 040684 2 82 445 1 2 2 8 8 1 2 -1 -1 -1 466
06 040684 2 83 475 1 2 2 8 8 1 2 -1 -1 -1 496
06 040684 2 84 540 1 3 1 8 8 1 3 -1 -1 -1 562
06 040684 2 85 450 2 2 1 8 8 2 2 -1 -1 -1 472
06 040684 2 86 455 1 2 1 8 8 1 2 -1 -1 -1 475
06 050684 3 87 470 1 2 2 8 8 1 2 -1 -1 -1
06 050684 3 88 530 1 3 2 8 8 1 3 -1 -1 -1
COLUMN TOTALS 11790 29 51 34 200200 29 51 -25 -25 -25 12309

06 100684 6 1 500 415 2 2 2 8 8 2 2 -1 -1 -1 938
06 100684 6 2 490 410 1 2 1 8 8 1 2 -1 -1 -1 920
06 100684 6 3 530 440 1 3 2 8 8 1 3 -1 -1 -1 993
06 100684 6 4 505 415 1 2 2 8 8 1 2 -1 -1 -1 941
06 100684 6 5 505 425 1 2 2 8 8 1 2 -1 -1 -1 951
06 100684 6 6 510 425 1 2 2 8 8 1 2 -1 -1 -1 956
06 100684 6 7 560 475 1 3 1 8 8 1 3 -1 -1 -1 1057
06 100684 6 8 495 415 1 2 2 8 8 1 2 -1 -1 -1 931
06 100684 6 9 540 465 1 2 1 8 8 1 2 -1 -1 -1 1025
06 100684 6 10 495 415 1 2 2 8 8 1 2 -1 -1 -1 931
06 100684 6 11 480 400 1 2 2 8 8 1 2 -1 -1 -1 901
06 100684 6 12 555 460 1 3 2 8 8 1 3 -1 -1 -1 1038
06 100684 6 13 520 440 1 2 1 8 8 1 2 -1 -1 -1 980
06 100684 6 14 505 430 1 2 2 8 8 1 2 -1 -1 -1 955
06 100684 6 15 555 465 1 3 1 8 8 1 3 -1 -1 -1 1042
06 100684 6 16 560 470 1 3 2 8 8 1 3 -1 -1 -1 1053
06 100684 6 17 505 430 1 2 1 8 8 1 2 -1 -1 -1 955
06 100684 6 18 520 440 1 3 1 8 8 1 3 -1 -1 -1 982
```

Additionally, there is a handwritten note on the right side of the image:
```
If you encounter a table, write all data entries down following the column and rows they were seen.
Keep the same formatting if possible
```