Certainly! Below is the transcribed data from the image, maintaining the same formatting as much as possible:

```
06 030684 1 1 595 1 3 2 8 8 1 3 -1 -1 -1 618
06 030684 1 2 405 1 2 2 8 8 1 2 -1 -1 -1 426
06 030684 1 3 470 1 2 2 8 8 1 2 -1 -1 -1 491
06 030684 1 4 460 1 2 1 8 8 1 2 -1 -1 -1 480
06 030684 1 5 510 1 3 1 8 8 1 3 -1 -1 -1 532
06 030684 1 6 450 1 2 1 8 8 1 2 -1 -1 -1 470
06 030684 1 7 410 1 2 1 8 8 1 2 -1 -1 -1 430
06 030684 1 8 445 1 2 1 8 8 1 2 -1 -1 -1 465
06 030684 1 9 485 1 2 1 8 8 1 2 -1 -1 -1 505
06 030684 1 10 480 1 2 2 8 8 1 2 -1 -1 -1 501
06 030684 1 11 560 1 3 1 8 8 1 3 -1 -1 -1 582
06 030684 1 12 440 1 2 2 8 8 1 2 -1 -1 -1 461
06 030684 1 13 455 1 2 1 8 8 1 2 -1 -1 -1 475
06 030684 1 14 440 1 2 2 8 8 1 2 -1 -1 -1 461
06 030684 1 15 435 1 2 1 8 8 1 2 -1 -1 -1 455
06 030684 1 16 510 2 2 1 8 8 2 2 -1 -1 -1 532
06 030684 1 17 485 1 2 1 8 8 1 2 -1 -1 -1 505
06 030684 1 18 470 1 2 1 8 8 1 2 -1 -1 -1 490
06 030684 1 19 445 1 2 1 8 8 1 2 -1 -1 -1 465
06 030684 1 20 435 9 2 2 8 8 9 2 -1 -1 -1 472
06 030684 1 21 550 1 3 2 8 8 1 3 -1 -1 -1 573
06 030684 1 22 485 2 2 2 8 8 2 2 -1 -1 -1 508
06 030684 1 23 465 1 2 1 8 8 1 2 -1 -1 -1 485
06 030684 1 24 430 1 2 2 8 8 1 2 -1 -1 -1 451
06 030684 1 25 485 1 2 2 8 8 1 2 -1 -1 -1 506
COLUMN TOTALS 11800 35 54 36 200200 35 54 -25 -25 -25 12339
06 030684 1 26 460 1 2 2 8 8 1 2 -1 -1 -1 481
06 030684 1 27 415 1 2 2 8 8 1 2 -1 -1 -1 436
06 030684 1 28 480 1 2 2 8 8 1 2 -1 -1 -1 500
06 030684 1 29 460 1 2 1 8 8 1 2 -1 -1 -1 480
06 030684 1 30 455 1 2 1 8 8 1 2 -1 -1 -1 475
06 030684 1 31 545 1 3 2 8 8 1 3 -1 -1 -1 568
06 030684 1 32 460 1 2 1 8 8 1 2 -1 -1 -1 480
06 030684 1 33 490 2 2 2 8 8 2 2 -1 -1 -1 513
COLUMN TOTALS 11775 27 53 44 200200 27 53 -25 -25 -25 12304
06 040684 2 51 475 1 2 1 8 8 1 2 -1 -1 -1 495
06 040684 2 52 410 1 2 1 8 8 1 2 -1 -1 -1 430
06 040684 2 53 435 1 2 1 8 8 1 2 -1 -1 -1 455
06 040684 2 54 440 1 2 2 8 8 1 2 -1 -1 -1 461
06 040684 2 55 500 1 2 2 8 8 1 2 -1 -1 -1 521
06 040684 2 56 440 1 2 2 8 8 1 2 -1 -1 -1 461
06 040684 2 57 455 1 2 2 8 8 1 2 -1 -1 -1 476
06 040684 2 58 460 1 2 2 8 8 1 2 -1 -1 -1 481
06 040684 2 59 460 2 2 2 8 8 2 2 -1 -1 -1 483
```