Certainly! Below is the transcribed data from the image, maintaining the table format as closely as possible:

```
06 220684 12 25 350 1 1 2 8 8 1 1 -1 -1 -1 369
06 220684 12 26 535 1 2 1 8 8 1 2 -1 -1 -1 555
06 220684 12 27 470 1 2 2 8 8 1 2 -1 -1 -1 491
06 220684 12 28 450 1 2 2 8 8 1 2 -1 -1 -1 471
06 220684 12 29 465 1 2 2 8 8 1 2 -1 -1 -1 486
06 220684 12 30 515 1 3 2 8 8 1 3 -1 -1 -1 538
06 220684 12 31 460 1 2 2 8 8 1 2 -1 -1 -1 481
06 220684 12 32 460 1 2 1 8 8 1 2 -1 -1 -1 480
06 220684 12 33 480 1 2 2 8 8 1 2 -1 -1 -1 501
06 220684 12 34 495 1 2 2 8 8 1 2 -1 -1 -1 516

COLUMN TOTALS 12455 25 53 43 200200 25 53 -25 -25 -25 12979

06 020784 16 1 490 395 1 2 2 8 8 1 2 -1 -1 -1 906
06 020784 16 2 475 385 1 2 1 8 8 1 2 -1 -1 -1 880
06 020784 16 3 445 360 1 2 1 8 8 1 2 -1 -1 -1 825
06 020784 16 4 450 375 1 2 1 8 8 1 2 -1 -1 -1 845
06 020784 16 5 410 340 1 2 1 8 8 1 2 -1 -1 -1 770
06 020784 16 6 440 360 1 2 1 8 8 1 2 -1 -1 -1 820
06 020784 16 7 465 380 1 2 1 8 8 1 2 -1 -1 -1 865
06 020784 16 8 430 350 9 2 2 8 8 9 2 -1 -1 -1 801
06 020784 16 9 490 400 9 2 2 8 8 9 2 -1 -1 -1 927
06 020784 16 10 455 370 1 2 1 8 8 1 2 -1 -1 -1 845
06 020784 16 11 445 365 1 2 1 8 8 1 2 -1 -1 -1 830
06 020784 16 12 475 395 1 2 2 8 8 1 2 -1 -1 -1 891
06 020784 16 13 460 375 1 2 1 8 8 1 2 -1 -1 -1 855
06 020784 16 14 470 385 1 2 1 8 8 1 2 -1 -1 -1 875
06 020784 16 15 495 410 2 2 1 8 8 2 2 -1 -1 -1 927
06 030784 17 17 435 365 1 2 2 8 8 1 2 -1 -1 -1 805
06 030784 17 18 445 375 1 2 1 8 8 1 2 -1 -1 -1 840
06 030784 17 19 455 385 1 2 1 8 8 1 2 -1 -1 -1 860
06 030784 17 20 465 395 1 2 1 8 8 1 2 -1 -1 -1 885
06 030784 17 21 475 405 1 2 1 8 8 1 2 -1 -1 -1 905
06 030784 17 22 485 415 1 2 1 8 8 1 2 -1 -1 -1 920
06 030784 17 23 495 425 1 2 1 8 8 1 2 -1 -1 -1 940
06 030784 17 24 505 435 1 2 1 8 8 1 2 -1 -1 -1 960
06 030784 17 25 515 445 1 2 1 8 8 1 2 -1 -1 -1 980

COLUMN TOTALS 4330 3425 9 2 2 72 72 9 2 -1 -1 -1 8700

06 040784 18 25 450 1 2 1 8 8 1 2 -1 -1 -1 470
06 040784 18 26 460 1 2 1 8 8 1 2 -1 -1 -1 480
06 040784 18 27 455 1 2 1 8 8 1 2 -1 -1 -1 475
06 040784 18 28 470 1 2 1 8 8 1 2 -1 -1 -1 490
06 040784 18 29 455 1 2 1 8 8 1 2 -1 -1 -1 475
06 040784 18 30 460 1 2 1 8 8 1 2 -1 -1 -1 480
06 040784 18 31 460 1 2 1 8 8 1 2 -1 -1 -1 480
06 040784 18 32 455 1 2 2 8 8 1 2 -1 -1 -1 476
06 040784 18 33 510 1 3 1 8 8 1 3 -1 -1 -1 532
06 040784 18 34 450 1 2 1 8 8 1 2 -1 -1 -1 471
06 040784 18 35 450 1 2 1 8 8 1 2 -1 -1 -1 470
06 040784 18 36 460 1 2 1 8 8 1 2 -1 -1 -1 480
06 040784 18 37 495 1 2 2 8 8 1 2 -1 -1 -1 516
06 040784 18 38 460 1 2 2 8 8 1 2 -1 -1 -1 481
06 040784 18 39 465 1 2 1 8 8 1 2 -1 -1 -1 485
06 040784 18 40 490 1 2 2 8 8 1 2 -1 -1 -1 511
06 040784 18 41 470 1 2 1 8 8 1 2 -1 -1 -1 490
06 040784 18 42 440 1 2 1 8 8 1 2 -1 -1 -1 460
06 040784 18 43 445 1 2 1 8 8 1 2 -1 -1 -1 465
06 040784 18 44 475 1 2 2 8 8 1 2 -1 -1 -1 496
06 040784 18 45 595 1 3 1 8 8 1 3 -1 -1 -1 617
06 060784 19 46 455 1 2 1 8 8 1 2 -1 -1 -1 475
06 060784 19 47 455 1 2 1 8 8 1 2 -1 -1 -1 475
06 060784 19 48 445 1 2 1 8 8 1 2 -1 -1 -1 465
```