Certainly! Below is the transcribed data from the image, maintaining the table format as closely as possible:

```
06 100684 6 19  485  410 1 2 1  8  8  1  2 -1 -1 -1  915
06 100684 6 20  475  400 1 2 1  8  8  1  2 -1 -1 -1  895
06 100684 6 21  530  440 2 2 1  8  8  2  2 -1 -1 -1  992
06 100684 6 22  590  490 1 3 2  8  8  1  3 -1 -1 -1 1103
06 100684 6 23  570  480 1 3 1  8  8  1  3 -1 -1 -1 1072
06 100684 6 24  490  410 1 2 2  8  8  1  2 -1 -1 -1  921
06 100684 6 25  500  415 1 2 2  8  8  1  2 -1 -1 -1  936
COLUMN TOTALS 12970 10880 27 58 38 20020 27 58 -25 -25 -25 24383
06 100684 6 26  480  400 1 2 1  8  8  1  2 -1 -1 -1  900
06 100684 6 27  480  395 1 2 2  8  8  1  2 -1 -1 -1  896
06 100684 6 28  505  430 1 2 2  8  8  1  2 -1 -1 -1  956
06 100684 6 29  600  510 1 3 2  8  8  1  3 -1 -1 -1 1133
06 100684 6 30  575  475 1 3 2  8  8  1  3 -1 -1 -1 1073
06 100684 6 31  535  450 1 2 1  8  8  1  2 -1 -1 -1 1005
06 100684 6 32  590  490 1 3 2  8  8  1  3 -1 -1 -1 1103
06 100684 6 33  570  480 1 3 1  8  8  1  3 -1 -1 -1 1072
06 100684 6 34  495  410 1 2 2  8  8  1  2 -1 -1 -1  926
06 140684 7 35  550  425 1 2 1  8  8  1  2 -1 -1 -1  995
06 140684 7 36  555  475 1 2 1  8  8  1  2 -1 -1 -1 1050
06 140684 7 37  530  445 1 3 1  8  8  1  3 -1 -1 -1  997
06 140684 7 38  560  470 1 3 2  8  8  1  3 -1 -1 -1 1053
06 140684 7 39  500  415 1 2 2  8  8  1  2 -1 -1 -1  936
06 140684 7 40  490  410 1 2 1  8  8  1  2 -1 -1 -1  926
06 140684 7 41  580  495 1 3 2  8  8  1  3 -1 -1 -1 1103
COLUMN TOTALS 12170 35 55 37 20020 35 55 -25 -25 -25 12712
06 160684 8 26  480  400 1 2 2  8  8  1  2 -1 -1 -1  501
06 160684 8 27  470  405 1 2 2  8  8  1  2 -1 -1 -1  491
06 160684 8 28  405  330 1 2 1  8  8  1  2 -1 -1 -1  425
06 160684 8 29  510  435 1 2 2  8  8  1  2 -1 -1 -1  531
06 160684 8 30  490  415 1 2 2  8  8  1  2 -1 -1 -1  511
```

This transcription maintains the structure and data entries as they appeared in the table.