Sure, here is the transcription of the document:

```
06 100684 6 19 485 410 1 2 1 8 8 1 2 -1 -1 -1 915
06 100684 6 20 475 400 1 2 1 8 8 1 2 -1 -1 -1 895
06 100684 6 21 530 440 2 2 1 8 8 2 2 -1 -1 -1 992
06 100684 6 22 590 490 1 3 2 8 8 1 3 -1 -1 -1 1103
06 100684 6 23 570 480 1 3 1 8 8 1 3 -1 -1 -1 1072
06 100684 6 24 490 410 1 2 2 8 8 1 2 -1 -1 -1 921
06 100684 6 25 500 415 1 2 2 8 8 1 2 -1 -1 -1 936
COLUMN TOTALS 12970 10880 27 58 38 200200 27 58 -25 -25 -25 24383
06 100684 6 26 480 400 1 2 1 8 8 1 2 -1 -1 -1 900
06 100684 6 27 480 395 1 2 2 8 8 1 2 -1 -1 -1 896
06 100684 6 28 505 430 1 2 2 8 8 1 2 -1 -1 -1 956
06 100684 6 29 600 510 1 3 2 8 8 1 3 -1 -1 -1 1133
06 100684 6 30 575 475 1 3 2 8 8 1 3 -1 -1 -1 1073
06 100684 6 31 535 450 1 2 1 8 8 1 2 -1 -1 -1 1005
06 100684 6 32 590 490 1 3 2 8 8 1 3 -1 -1 -1 1103
06 100684 6 33 570 480 1 3 1 8 8 1 3 -1 -1 -1 1072
06 100684 6 34 495 410 1 2 2 8 8 1 2 -1 -1 -1 926
06 140684 7 35 550 425 1 2 1 8 8 1 2 -1 -1 -1 995
06 140684 7 36 555 475 1 2 1 8 8 1 2 -1 -1 -1 1050
06 140684 7 37 530 445 1 3 1 8 8 1 3 -1 -1 -1 997
06 140684 7 38 560 470 1 3 2 8 8 1 3 -1 -1 -1 1053
06 140684 7 39 500 415 1 2 2 8 8 1 2 -1 -1 -1 936
06 140684 7 40 490 410 1 2 1 8 8 1 2 -1 -1 -1 920
06 140684 7 41 525 445 1 2 1 8 8 1 2 -1 -1 -1 990
06 140684 7 42 510 430 1 2 2 8 8 1 2 -1 -1 -1 977
06 140684 7 43 500 415 1 2 2 8 8 1 2 -1 -1 -1 926
COLUMN TOTALS 12170 35 55 37 200200 35 55 -25 -25 -25 12712
06 160684 8 1 580 470 1 3 1 8 8 1 3 -1 -1 -1 1091
06 160684 8 2 525 415 1 2 1 8 8 1 2 -1 -1 -1 916
06 160684 8 3 500 400 1 2 1 8 8 1 2 -1 -1 -1 901
06 160684 8 4 525 415 1 2 1 8 8 1 2 -1 -1 -1 916
06 160684 8 5 570 460 1 3 1 8 8 1 3 -1 -1 -1 1061
06 160684 8 6 580 470 1 3 1 8 8 1 3 -1 -1 -1 1091
06 160684 8 7 525 415 1 2 1 8 8 1 2 -1 -1 -1 916
06 160684 8 8 500 400 1 2 1 8 8 1 2 -1 -1 -1 901
06 160684 8 9 525 415 1 2 1 8 8 1 2 -1 -1 -1 916
06 160684 8 10 570 460 1 3 1 8 8 1 3 -1 -1 -1 1061
06 160684 8 11 580 470 1 3 1 8 8 1 3 -1 -1 -1 1091
06 160684 8 12 525 415 1 2 1 8 8 1 2 -1 -1 -1 916
06 160684 8 13 500 400 1 2 1 8 8 1 2 -1 -1 -1 901
06 160684 8 14 525 415 1 2 1 8 8 1 2 -1 -1 -1 916
06 160684 8 15 570 460 1 3 1 8 8 1 3 -1 -1 -1 1061
06 160684 8 16 580 470 1 3 1 8 8 1 3 -1 -1 -1 1091
06 160684 8 17 580 470 1 3 2 8 8 1 3 -1 -1 -1 1092
06 160684 8 18 600 480 1 3 1 8 8 1 3 -1 -1 -1 1102
06 160684 8 19 470 360 1 2 1 8 8 1 2 -1 -1 -1 861
06 160684 8 20 460 350 1 2 1 8 8 1 2 -1 -1 -1 851
06 160684 8 21 500 390 1 2 2 8 8 1 2 -1 -1 -1 921
06 160684 8 22 445 335 1 2 1 8 8 1 2 -1 -1 -1 836
06 160684 8 23 480 370 1 2 2 8 8 1 2 -1 -1 -1 890
06 160684 8 24 465 355 1 2 1 8 8 1 2 -1 -1 -1 856
06 160684 8 25 470 360 1 2 1 8 8 1 2 -1 -1 -1 861
COLUMN TOTALS 12170 35 55 37 200200 35 55 -25 -25 -25 12712
06 160684 8 26 480 370 1 2 2 8 8 1 2 -1 -1 -1 890
06 160684 8 27 470 360 1 2 1 8 8 1 2 -1 -1 -1 861
06 160684 8 28 405 295 1 2 1 8 8 1 2 -1 -1 -1 796
06 160684 8 29 510 390 1 2 2 8 8 1 2 -1 -1 -1 931
06 160684 8 30 490 380 1 2 2 8 8 1 2 -1 -1 -1 911
```