Sure, here is the transcription of the document:

```
06 270684 13  7  490  1 2 2  8 8 1 2 -1 -1 -1  511
06 270684 13  8  435  1 2 1  8 8 1 2 -1 -1 -1  455
06 270684 13  9  435  1 2 1  8 8 1 2 -1 -1 -1  455
06 270684 13 10  430  1 2 1  8 8 1 2 -1 -1 -1  450
06 270684 13 11  475  2 2 1  8 8 2 2 -1 -1 -1  497
06 270684 13 12  540  1 3 1  8 8 1 3 -1 -1 -1  562
06 270684 13 13  480  1 2 1  8 8 1 2 -1 -1 -1  500
06 270684 13 14  485  1 2 2  8 8 1 2 -1 -1 -1  506
06 270684 13 15  460  1 2 2  8 8 1 2 -1 -1 -1  481
06 270684 13 16  500  1 2 1  8 8 1 2 -1 -1 -1  520
06 270684 13 17  460  9 2 1  8 8 9 2 -1 -1 -1  496
06 270684 13 18  480  1 2 2  8 8 1 2 -1 -1 -1  501
06 270684 13 19  505  1 2 1  8 8 1 2 -1 -1 -1  525
06 270684 13 20  465  1 2 2  8 8 1 2 -1 -1 -1  486
06 270684 13 21  495  1 2 2  8 8 1 2 -1 -1 -1  516
06 270684 13 22  485  1 2 2  8 8 1 2 -1 -1 -1  506
06 270684 13 23  495  9 2 2  8 8 9 2 -1 -1 -1  532
06 270684 13 24  435  1 2 2  8 8 1 2 -1 -1 -1  456
06 270684 13 25  490  1 2 1  8 8 1 2 -1 -1 -1  510
COLUMN TOTALS  12015  42 52 35  200200 42 52 -25 -25 -25 12563

06 280684 14 26  485  395 1 2 1  8 8 1 2 -1 -1 -1  900
06 280684 14 27  490  410 1 2 1  8 8 1 2 -1 -1 -1  920
06 280684 14 28  450  385 1 2 2  8 8 1 2 -1 -1 -1  856
06 280684 14 29  435  365 1 2 1  8 8 1 2 -1 -1 -1  820
06 280684 14 30  445  365 1 2 1  8 8 1 2 -1 -1 -1  830
06 280684 14 31  475  385 1 2 1  8 8 1 2 -1 -1 -1  880
06 280684 14 32  475  385 1 2 1  8 8 1 2 -1 -1 -1  880
06 280684 14 33  475  385 1 2 1  8 8 1 2 -1 -1 -1  880
06 280684 14 34  445  365 1 2 1  8 8 1 2 -1 -1 -1  830
COLUMN TOTALS  12000  9870 25 51 37  200200 25 51 -25 -25 -25 22384

06 290684 15 51  515  1 2 2  8 8 1 2 -1 -1 -1  536
06 290684 15 52  330  1 1 2  8 8 1 1 -1 -1 -1  349
06 290684 15 53  440  1 2 2  8 8 1 2 -1 -1 -1  461
06 290684 15 54  460  1 2 2  8 8 1 2 -1 -1 -1  481
06 290684 15 55  485  1 2 1  8 8 1 2 -1 -1 -1  505
06 290684 15 56  475  1 2 1  8 8 1 2 -1 -1 -1  495
06 290684 15 57  470  1 2 1  8 8 1 2 -1 -1 -1  490
06 290684 15 58  475  1 2 1  8 8 1 2 -1 -1 -1  495
06 290684 15 59  455  1 2 1  8 8 1 2 -1 -1 -1  475
06 290684 15 60  525  1 2 1  8 8 1 2 -1 -1 -1  545
06 290684 15 61  510  1 2 1  8 8 1 2 -1 -1 -1  530
06 290684 15 62  475  1 2 1  8 8 1 2 -1 -1 -1  495
06 290684 15 63  485  9 2 1  8 8 9 2 -1 -1 -1  521
06 290684 15 64  570  1 3 2  8 8 1 3 -1 -1 -1  593
06 290684 15 65  565  1 3 2  8 8 1 3 -1 -1 -1  588
```