Sure, here is the transcription of the document:

```
06 160684 8 90 455 9 2 1 8 8 9 2 -1 -1 -1 491
06 160684 8 91 465 9 2 1 8 8 9 2 -1 -1 -1 501
06 160684 8 92 495 1 2 1 8 8 1 2 -1 -1 -1 515
06 160684 8 93 455 1 2 1 8 8 1 2 -1 -1 -1 475
06 160684 8 94 480 1 2 2 8 8 1 2 -1 -1 -1 501
06 160684 8 95 550 1 3 2 8 8 1 3 -1 -1 -1 573
06 160684 8 96 525 2 3 1 8 8 2 3 -1 -1 -1 549
06 160684 8 97 480 1 2 1 8 8 1 2 -1 -1 -1 500
06 160684 8 98 550 1 3 1 8 8 1 3 -1 -1 -1 572
06 160684 8 99 490 1 2 1 8 8 1 2 -1 -1 -1 510
06 160684 8 100 430 2 2 2 8 8 2 2 -1 -1 -1 453

COLUMN TOTALS 12125 43 55 33 200200 43 55 -25 -25 -25 12679

06 170684 9 1 510 425 1 3 1 8 8 1 3 -1 -1 -1 957
06 170684 9 2 535 425 1 2 2 8 8 1 2 -1 -1 -1 981
06 170684 9 3 525 445 1 2 1 8 8 1 2 -1 -1 -1 990
06 170684 9 4 535 440 1 2 1 8 8 1 2 -1 -1 -1 995
06 170684 9 5 500 415 1 2 2 8 8 1 2 -1 -1 -1 936
06 170684 9 6 510 420 1 2 2 8 8 1 2 -1 -1 -1 951
06 170684 9 7 460 380 1 2 2 8 8 1 2 -1 -1 -1 861
06 170684 9 8 480 405 1 2 2 8 8 1 2 -1 -1 -1 906
06 170684 9 9 565 470 1 3 1 8 8 1 3 -1 -1 -1 1057
06 170684 9 10 490 410 1 2 2 8 8 1 2 -1 -1 -1 921
06 170684 9 11 450 410 1 2 2 8 8 1 2 -1 -1 -1 881
06 170684 9 12 505 415 1 2 1 8 8 1 2 -1 -1 -1 940
06 170684 9 13 490 400 1 2 2 8 8 1 2 -1 -1 -1 911
06 170684 9 14 530 430 1 2 2 8 8 1 2 -1 -1 -1 981
06 170684 9 15 495 415 1 2 2 8 8 1 2 -1 -1 -1 930
06 170684 9 16 510 420 1 3 1 8 8 1 3 -1 -1 -1 960
06 170684 9 17 575 460 1 3 2 8 8 1 3 -1 -1 -1 1058
06 170684 9 18 520 430 1 2 2 8 8 1 2 -1 -1 -1 971
06 170684 9 19 515 415 1 2 1 8 8 1 2 -1 -1 -1 950
06 170684 9 20 475 390 1 2 2 8 8 1 2 -1 -1 -1 886
06 170684 9 21 520 430 1 2 1 8 8 1 2 -1 -1 -1 970
06 170684 9 22 485 405 1 2 2 8 8 1 2 -1 -1 -1 911
06 170684 9 23 520 425 1 2 2 8 8 1 2 -1 -1 -1 966
06 170684 9 24 490 405 1 2 1 8 8 1 2 -1 -1 -1 915
06 170684 9 25 605 495 1 3 2 8 8 1 3 -1 -1 -1 1123
06 170684 9 26 510 420 1 3 1 8 8 1 3 -1 -1 -1 952
06 170684 9 27 540 450 1 2 1 8 8 1 2 -1 -1 -1 1010
```