Sure, here is the transcription of the document:

```
06 290684 15 66 490 1 2 2 8 8 1 2 -1 -1 -1 511
06 290684 15 67 415 1 2 1 8 8 1 2 -1 -1 -1 435
06 290684 15 68 510 1 2 1 8 8 1 2 -1 -1 -1 530
06 290684 15 69 595 1 3 1 8 8 1 3 -1 -1 -1 617
06 290684 15 70 400 1 2 2 8 8 1 2 -1 -1 -1 421
06 290684 15 71 465 1 2 1 8 8 1 2 -1 -1 -1 485
06 290684 15 72 500 1 2 2 8 8 1 2 -1 -1 -1 521
06 290684 15 73 500 1 2 2 8 8 1 2 -1 -1 -1 521
06 290684 15 74 480 1 2 2 8 8 1 2 -1 -1 -1 501
06 290684 15 75 480 1 2 2 8 8 1 2 -1 -1 -1 501
COLUMN TOTALS 12070 33 52 37 200200 33 52 -25 -25 -25 12602
06 290684 15 76 425 1 2 1 8 8 1 2 -1 -1 -1 445
06 290684 15 77 500 1 2 1 8 8 1 2 -1 -1 -1 520
06 290684 15 78 495 1 2 2 8 8 1 2 -1 -1 -1 516
06 290684 15 79 445 1 2 1 8 8 1 2 -1 -1 -1 465
06 290684 15 80 490 1 2 2 8 8 1 2 -1 -1 -1 511
06 290684 15 81 490 1 2 2 8 8 1 2 -1 -1 -1 511
06 290684 15 82 485 1 2 1 8 8 1 2 -1 -1 -1 505
06 290684 15 83 450 1 2 1 8 8 1 2 -1 -1 -1 470
06 290684 15 84 490 1 2 2 8 8 1 2 -1 -1 -1 511
06 290684 15 85 500 1 2 1 8 8 1 2 -1 -1 -1 520
06 290684 15 86 520 1 2 1 8 8 1 2 -1 -1 -1 540
06 290684 15 87 520 1 2 2 8 8 1 2 -1 -1 -1 541
06 290684 15 88 520 1 2 2 8 8 1 2 -1 -1 -1 541
06 290684 15 89 540 1 3 2 8 8 1 3 -1 -1 -1 563
06 290684 15 90 450 1 2 1 8 8 1 2 -1 -1 -1 470
06 290684 15 91 410 1 2 1 8 8 1 2 -1 -1 -1 430
06 290684 15 92 480 1 2 1 8 8 1 2 -1 -1 -1 500
COLUMN TOTALS 12070 33 52 37 200200 33 52 -25 -25 -25 12602
06 200684 10 1 585 1 3 2 8 8 1 3 -1 -1 -1 608
06 200684 10 2 530 1 2 2 8 8 1 2 -1 -1 -1 551
06 200684 10 3 530 1 2 2 8 8 1 2 -1 -1 -1 551
06 200684 10 4 580 1 3 2 8 8 1 3 -1 -1 -1 603
06 200684 10 5 510 1 2 2 8 8 1 2 -1 -1 -1 531
06 200684 10 6 475 1 2 1 8 8 1 2 -1 -1 -1 495
06 200684 10 7 480 1 2 2 8 8 1 2 -1 -1 -1 501
06 200684 10 8 510 1 2 2 8 8 1 2 -1 -1 -1 531
06 200684 10 9 475 1 2 1 8 8 1 2 -1 -1 -1 495
06 200684 10 10 480 1 2 1 8 8 1 2 -1 -1 -1 500
06 200684 10 11 505 1 2 2 8 8 1 2 -1 -1 -1 526
06 200684 10 12 485 1 2 2 8 8 1 2 -1 -1 -1 506
06 200684 10 13 480 1 2 2 8 8 1 2 -1 -1 -1 501
06 200684 10 14 580 1 3 2 8 8 1 3 -1 -1 -1 603
06 200684 10 15 490 1 2 1 8 8 1 2 -1 -1 -1 510
06 200684 10 16 465 1 2 1 8 8 1 2 -1 -1 -1 485
06 200684 10 17 530 1 2 2 8 8 1 2 -1 -1 -1 551
06 200684 10 18 475 1 2 2 8 8 1 2 -1 -1 -1 496
06 220684 12 19 520 1 2 2 8 8 1 2 -1 -1 -1 541
06 220684 12 20 470 1 2 1 8 8 1 2 -1 -1 -1 490
06 220684 12 21 540 1 3 2 8 8 1 3 -1 -1 -1 563
06 220684 12 22 490 1 2 1 8 8 1 2 -1 -1 -1 510
06 220684 12 23 510 1 2 1 8 8 1 2 -1 -1 -1 530
06 220684 12 24 495 1 2 2 8 8 1 2 -1 -1 -1 516
```