Sure, here is the transcription of the document:

```
06 210684 11 49 520 425 1 2 1 8 8 1 2 -1 -1 -1 965
06 210684 11 50 495 405 1 2 2 8 8 1 2 -1 -1 -1 921
COLUMN TOTALS 12855 10520 25 56 40 200200 25 56 -25 -25 -25 23902
06 210684 11 51 475 380 1 2 2 8 8 1 2 -1 -1 -1 876
06 210684 11 52 495 400 1 2 2 8 8 1 2 -1 -1 -1 916
06 210684 11 53 545 435 1 3 1 8 8 1 3 -1 -1 -1 1002
06 210684 11 54 545 450 1 2 2 8 8 1 2 -1 -1 -1 1016
06 210684 11 55 485 405 2 2 1 8 8 2 2 -1 -1 -1 912
06 210684 11 56 535 430 1 3 2 8 8 1 3 -1 -1 -1 988
06 210684 11 57 500 405 1 2 2 8 8 1 2 -1 -1 -1 926
06 210684 11 58 495 410 1 2 2 8 8 1 2 -1 -1 -1 926
06 210684 11 59 470 385 1 2 1 8 8 1 2 -1 -1 -1 875
06 210684 11 60 550 445 1 3 2 8 8 1 3 -1 -1 -1 1018
06 210684 11 61 575 475 1 3 1 8 8 1 3 -1 -1 -1 1072
06 210684 11 62 505 415 1 2 2 8 8 1 2 -1 -1 -1 941
06 210684 11 63 585 465 1 3 2 8 8 1 3 -1 -1 -1 1073
06 210684 11 64 475 390 1 2 2 8 8 1 2 -1 -1 -1 886
06 210684 11 65 550 455 1 3 1 8 8 1 3 -1 -1 -1 1027
06 210684 11 66 535 450 1 3 1 8 8 1 3 -1 -1 -1 1007
06 210684 11 67 485 400 1 2 2 8 8 1 2 -1 -1 -1 906
06 210684 11 68 565 465 1 3 2 8 8 1 3 -1 -1 -1 1053
06 210684 11 69 495 415 1 2 1 8 8 1 2 -1 -1 -1 930
06 210684 11 70 590 475 1 3 2 8 8 1 3 -1 -1 -1 1088
06 210684 11 71 585 470 1 3 2 8 8 1 3 -1 -1 -1 1078
06 210684 11 72 560 440 1 3 2 8 8 1 3 -1 -1 -1 1022
06 210684 11 73 545 435 1 3 1 8 8 1 3 -1 -1 -1 990
COLUMN TOTALS 12895 10575 35 59 41 200200 35 59 -25 -25 -25 24024
06 270684 13 1 470 1 2 2 8 8 1 2 -1 -1 -1 491
06 270684 13 2 480 1 2 1 8 8 1 2 -1 -1 -1 500
06 270684 13 3 510 1 2 1 8 8 1 2 -1 -1 -1 530
06 270684 13 4 455 1 2 1 8 8 1 2 -1 -1 -1 475
06 270684 13 5 555 1 3 1 8 8 1 3 -1 -1 -1 577
06 270684 13 6 505 1 2 1 8 8 1 2 -1 -1 -1 525
```