SOCKEYE HYPURAL LENGTH STATISTICS OF HOBITON LAKE 1984

433 5 0.9 445 81.5
435 7 1.3 452 82.8
437 2 0.4 454 83.2
439 1 0.2 455 83.3
440 9 1.6 464 85.0
441 1 0.2 465 85.2
443 2 0.4 467 85.5
445 7 1.3 474 86.8
447 2 0.4 476 87.2
449 2 0.4 478 87.5
450 5 0.9 483 88.5
451 3 0.5 486 89.0
455 4 0.7 490 89.7
458 3 0.5 493 90.3
460 3 0.5 496 90.8
462 5 0.9 501 91.8
465 6 1.1 507 92.9
466 5 0.9 512 93.8
470 5 0.9 517 94.7
474 3 0.5 520 95.2
475 7 1.3 527 96.5
477 1 0.2 528 96.7
479 1 0.2 529 96.9
480 2 0.4 531 97.3
481 1 0.2 532 97.4
483 1 0.2 533 97.6
485 2 0.4 535 98.0
490 3 0.5 538 98.5
495 1 0.2 539 98.7
496 3 0.5 542 99.3
500 2 0.4 544 99.6
504 1 0.2 545 99.8
510 1 0.2 546 100.0

400
405
460
465