Sure, here is the transcription of the text from the image:

```
06 060784 19 49 440 1 2 1 8 8 1 2 -1 -1 -1 460
06 060784 19 50 440 2 2 1 8 8 2 2 -1 -1 -1 462
COLUMN TOTALS 11775 855 27 53 33 200200 27 53 -25 -25 -25 13148
06 060784 19 51 455 1 2 1 8 8 1 2 -1 -1 -1 475
06 060784 19 52 430 1 2 1 8 8 1 2 -1 -1 -1 450
06 060784 19 53 500 1 2 1 8 8 1 2 -1 -1 -1 520
06 060784 19 54 535 1 2 2 8 8 1 2 -1 -1 -1 556
06 060784 19 55 445 1 2 1 8 8 1 2 -1 -1 -1 465
06 060784 19 56 500 1 2 1 8 8 1 2 -1 -1 -1 520
06 060784 19 57 415 1 2 1 8 8 1 2 -1 -1 -1 435
06 060784 19 58 465 1 2 1 8 8 1 2 -1 -1 -1 485
COLUMN TOTALS 3745 8 16 9 64 64 8 16 -8 -8 -8 3906
06 190484 20 1 405 1 2 2 8 8 1 2 -1 -1 -1 426
06 190484 20 2 440 2 2 1 8 8 2 2 -1 -1 -1 462
06 190484 20 3 455 1 2 1 8 8 1 2 -1 -1 -1 475
06 190484 20 4 560 1 3 1 8 8 1 3 -1 -1 -1 582
06 270484 21 5 440 2 2 1 8 8 2 2 -1 -1 -1 462
06 270484 21 6 460 1 2 1 8 8 1 2 -1 -1 -1 480
06 270484 21 7 490 1 2 2 8 8 1 2 -1 -1 -1 511
06 270484 21 8 430 1 2 2 8 8 1 2 -1 -1 -1 451
06 270484 21 9 440 1 2 1 8 8 1 2 -1 -1 -1 460
06 270484 21 10 500 1 2 2 8 8 1 2 -1 -1 -1 521
06 020584 22 11 460 1 2 1 8 8 1 2 -1 -1 -1 480
06 020584 22 12 440 1 2 1 8 8 1 2 -1 -1 -1 460
06 020584 22 13 505 1 3 2 8 8 1 3 -1 -1 -1 528
06 020584 22 14 405 1 2 1 8 8 1 2 -1 -1 -1 425
06 020584 22 15 460 1 2 1 8 8 1 2 -1 -1 -1 480
06 020584 22 16 435 1 2 1 8 8 1 2 -1 -1 -1 455
06 020584 22 17 465 1 2 1 8 8 1 2 -1 -1 -1 485
COLUMN TOTALS 8 16 9 64 64 8 16 -8 -8 -8
```